{
	"camera_angle_x": 1.0471975511966,
	"frames": [
		{
			"file_path": "./train/i_0",
			"rotation": 0.012566370614359171,
			"transform_matrix": [
			[
				1,
				0,
				0,
				0
			],
			[
				0,
				-0.0000001192093,
				-1,
				9.999999
			],
			[
				0,
				1,
				-0.0000001192093,
				-0.0000005960464
			],
			[
				0,
				0,
				0,
				1
			]
		]
		},
		{
			"file_path": "./train/i_1",
			"rotation": 0.012566370614359171,
			"transform_matrix": [
			[
				0.9848077,
				0.1736483,
				0,
				-0.0000001035024
			],
			[
				0,
				0,
				-1,
				9.999999
			],
			[
				-0.1736483,
				0.9848078,
				0,
				-0.0000005869912
			],
			[
				0,
				0,
				0,
				1
			]
		]
		},
		{
			"file_path": "./train/i_2",
			"rotation": 0.012566370614359171,
			"transform_matrix": [
			[
				0.9396926,
				0.3420203,
				0,
				-0.0000002038599
			],
			[
				0,
				0.00000005960464,
				-0.9999999,
				9.999999
			],
			[
				-0.3420203,
				0.9396926,
				0.00000005960464,
				-0.0000005601005
			],
			[
				0,
				0,
				0,
				1
			]
		]
		},
		{
			"file_path": "./train/i_3",
			"rotation": 0.012566370614359171,
			"transform_matrix": [
			[
				0.8660253,
				0.5000002,
				0,
				-0.0000002980232
			],
			[
				0,
				0.00000005960464,
				-0.9999999,
				9.999999
			],
			[
				-0.5000002,
				0.8660253,
				0.00000005960464,
				-0.0000005161914
			],
			[
				0,
				0,
				0,
				1
			]
		]
		},
		{
			"file_path": "./train/i_4",
			"rotation": 0.012566370614359171,
			"transform_matrix": [
			[
				0.7660442,
				0.6427879,
				0,
				-0.0000003831313
			],
			[
				0,
				0,
				-1,
				9.999999
			],
			[
				-0.6427879,
				0.7660443,
				0,
				-0.0000004565981
			],
			[
				0,
				0,
				0,
				1
			]
		]
		},
		{
			"file_path": "./train/i_5",
			"rotation": 0.012566370614359171,
			"transform_matrix": [
			[
				0.6427873,
				0.7660447,
				0,
				-0.0000004565981
			],
			[
				0,
				0,
				-1,
				9.999999
			],
			[
				-0.7660447,
				0.6427873,
				0,
				-0.0000003831313
			],
			[
				0,
				0,
				0,
				1
			]
		]
		},
		{
			"file_path": "./train/i_6",
			"rotation": 0.012566370614359171,
			"transform_matrix": [
			[
				0.4999996,
				0.8660256,
				0,
				-0.0000005161913
			],
			[
				0,
				0,
				-1,
				9.999999
			],
			[
				-0.8660256,
				0.4999996,
				0,
				-0.0000002980233
			],
			[
				0,
				0,
				0,
				1
			]
		]
		},
		{
			"file_path": "./train/i_7",
			"rotation": 0.012566370614359171,
			"transform_matrix": [
			[
				0.3420196,
				0.9396929,
				0,
				-0.0000005601004
			],
			[
				0,
				0,
				-1,
				9.999999
			],
			[
				-0.9396929,
				0.3420196,
				0,
				-0.0000002038599
			],
			[
				0,
				0,
				0,
				1
			]
		]
		},
		{
			"file_path": "./train/i_8",
			"rotation": 0.012566370614359171,
			"transform_matrix": [
			[
				0.1736475,
				0.9848079,
				0,
				-0.0000005869912
			],
			[
				0,
				0,
				-1,
				9.999999
			],
			[
				-0.9848079,
				0.1736476,
				0,
				-0.0000001035024
			],
			[
				0,
				0,
				0,
				1
			]
		]
		},
		{
			"file_path": "./train/i_9",
			"rotation": 0.012566370614359171,
			"transform_matrix": [
			[
				-0.0000007152557,
				1,
				0,
				-0.0000005960464
			],
			[
				0,
				0,
				-1,
				9.999999
			],
			[
				-1,
				-0.0000007152557,
				0,
				-0.0000000000000324
			],
			[
				0,
				0,
				0,
				1
			]
		]
		},
		{
			"file_path": "./train/i_10",
			"rotation": 0.012566370614359171,
			"transform_matrix": [
			[
				-0.173649,
				0.9848076,
				0,
				-0.0000005869912
			],
			[
				0,
				0,
				-1,
				9.999999
			],
			[
				-0.9848076,
				-0.173649,
				0,
				0.0000001035024
			],
			[
				0,
				0,
				0,
				1
			]
		]
		},
		{
			"file_path": "./train/i_11",
			"rotation": 0.012566370614359171,
			"transform_matrix": [
			[
				-0.3420208,
				0.9396923,
				0,
				-0.0000005601005
			],
			[
				0,
				0.00000005960464,
				-0.9999999,
				9.999999
			],
			[
				-0.9396923,
				-0.3420208,
				0.00000005960464,
				0.0000002038599
			],
			[
				0,
				0,
				0,
				1
			]
		]
		},
		{
			"file_path": "./train/i_12",
			"rotation": 0.012566370614359171,
			"transform_matrix": [
			[
				-0.5000007,
				0.8660249,
				0,
				-0.0000005161914
			],
			[
				0,
				0,
				-1,
				9.999999
			],
			[
				-0.8660249,
				-0.5000007,
				0,
				0.0000002980232
			],
			[
				0,
				0,
				0,
				1
			]
		]
		},
		{
			"file_path": "./train/i_13",
			"rotation": 0.012566370614359171,
			"transform_matrix": [
			[
				-0.6427883,
				0.7660438,
				0,
				-0.0000004565981
			],
			[
				0,
				0,
				-1,
				9.999999
			],
			[
				-0.7660438,
				-0.6427883,
				0,
				0.0000003831312
			],
			[
				0,
				0,
				0,
				1
			]
		]
		},
		{
			"file_path": "./train/i_14",
			"rotation": 0.012566370614359171,
			"transform_matrix": [
			[
				-0.7660452,
				0.6427869,
				0,
				-0.0000003831313
			],
			[
				0,
				-0.0000001192093,
				-1,
				9.999999
			],
			[
				-0.6427869,
				-0.7660452,
				-0.0000001192093,
				0.000000456598
			],
			[
				0,
				0,
				0,
				1
			]
		]
		},
		{
			"file_path": "./train/i_15",
			"rotation": 0.012566370614359171,
			"transform_matrix": [
			[
				-0.8660258,
				0.4999991,
				0,
				-0.0000002980233
			],
			[
				0,
				0.00000005960464,
				-0.9999999,
				9.999999
			],
			[
				-0.4999991,
				-0.8660259,
				0.00000005960464,
				0.0000005161913
			],
			[
				0,
				0,
				0,
				1
			]
		]
		},
		{
			"file_path": "./train/i_16",
			"rotation": 0.012566370614359171,
			"transform_matrix": [
			[
				-0.9396929,
				0.3420191,
				0,
				-0.0000002038599
			],
			[
				0,
				0.00000005960464,
				-0.9999999,
				9.999999
			],
			[
				-0.3420191,
				-0.9396929,
				0.00000005960464,
				0.0000005601004
			],
			[
				0,
				0,
				0,
				1
			]
		]
		},
		{
			"file_path": "./train/i_17",
			"rotation": 0.012566370614359171,
			"transform_matrix": [
			[
				-0.9848078,
				0.173647,
				0,
				-0.0000001035024
			],
			[
				0,
				0.00000005960464,
				-0.9999999,
				9.999999
			],
			[
				-0.173647,
				-0.9848079,
				0.00000005960464,
				0.0000005869912
			],
			[
				0,
				0,
				0,
				1
			]
		]
		},
		{
			"file_path": "./train/i_18",
			"rotation": 0.012566370614359171,
			"transform_matrix": [
			[
				-0.9999999,
				-0.000001274942,
				0,
				-0.0000000000000324
			],
			[
				0,
				0.00000005960464,
				-0.9999999,
				9.999999
			],
			[
				0.000001274942,
				-0.9999999,
				0.00000005960464,
				0.0000005960464
			],
			[
				0,
				0,
				0,
				1
			]
		]
		},
		{
			"file_path": "./train/i_19",
			"rotation": 0.012566370614359171,
			"transform_matrix": [
			[
				-0.9848075,
				-0.1736495,
				0,
				0.0000001035024
			],
			[
				0,
				0,
				-1,
				9.999999
			],
			[
				0.1736495,
				-0.9848075,
				0,
				0.0000005869912
			],
			[
				0,
				0,
				0,
				1
			]
		]
		},
		{
			"file_path": "./train/i_20",
			"rotation": 0.012566370614359171,
			"transform_matrix": [
			[
				-0.9396921,
				-0.3420215,
				0,
				0.0000002038599
			],
			[
				0,
				0,
				-1,
				9.999999
			],
			[
				0.3420215,
				-0.9396921,
				0,
				0.0000005601005
			],
			[
				0,
				0,
				0,
				1
			]
		]
		},
		{
			"file_path": "./train/i_21",
			"rotation": 0.012566370614359171,
			"transform_matrix": [
			[
				-0.8660245,
				-0.5000013,
				0,
				0.0000002980232
			],
			[
				0,
				0.00000005960464,
				-0.9999999,
				9.999999
			],
			[
				0.5000013,
				-0.8660246,
				0.00000005960464,
				0.0000005161914
			],
			[
				0,
				0,
				0,
				1
			]
		]
		},
		{
			"file_path": "./train/i_22",
			"rotation": 0.012566370614359171,
			"transform_matrix": [
			[
				-0.7660433,
				-0.6427888,
				0,
				0.0000003831312
			],
			[
				0,
				0.00000005960464,
				-0.9999999,
				9.999999
			],
			[
				0.6427888,
				-0.7660434,
				0.00000005960464,
				0.0000004565981
			],
			[
				0,
				0,
				0,
				1
			]
		]
		},
		{
			"file_path": "./train/i_23",
			"rotation": 0.012566370614359171,
			"transform_matrix": [
			[
				-0.6427864,
				-0.7660457,
				0,
				0.000000456598
			],
			[
				0,
				-0.0000001192093,
				-1,
				9.999999
			],
			[
				0.7660457,
				-0.6427863,
				-0.0000001192093,
				0.0000003831313
			],
			[
				0,
				0,
				0,
				1
			]
		]
		},
		{
			"file_path": "./train/i_24",
			"rotation": 0.012566370614359171,
			"transform_matrix": [
			[
				-0.4999983,
				-0.8660264,
				0,
				0.0000005161913
			],
			[
				0,
				0,
				-1,
				9.999999
			],
			[
				0.8660264,
				-0.4999983,
				0,
				0.0000002980233
			],
			[
				0,
				0,
				0,
				1
			]
		]
		},
		{
			"file_path": "./train/i_25",
			"rotation": 0.012566370614359171,
			"transform_matrix": [
			[
				-0.3420182,
				-0.9396933,
				0,
				0.0000005601004
			],
			[
				0,
				0,
				-1,
				9.999999
			],
			[
				0.9396933,
				-0.3420182,
				0,
				0.0000002038599
			],
			[
				0,
				0,
				0,
				1
			]
		]
		},
		{
			"file_path": "./train/i_26",
			"rotation": 0.012566370614359171,
			"transform_matrix": [
			[
				-0.1736463,
				-0.9848081,
				0,
				0.0000005869912
			],
			[
				0,
				0,
				-1,
				9.999999
			],
			[
				0.9848081,
				-0.1736463,
				0,
				0.0000001035024
			],
			[
				0,
				0,
				0,
				1
			]
		]
		},
		{
			"file_path": "./train/i_27",
			"rotation": 0.012566370614359171,
			"transform_matrix": [
			[
				0.000002026558,
				-1,
				0,
				0.0000005960464
			],
			[
				0,
				0,
				-1,
				9.999999
			],
			[
				1,
				0.000002086163,
				0,
				0.0000000000000324
			],
			[
				0,
				0,
				0,
				1
			]
		]
		},
		{
			"file_path": "./train/i_28",
			"rotation": 0.012566370614359171,
			"transform_matrix": [
			[
				0.1736503,
				-0.9848074,
				0,
				0.0000005869912
			],
			[
				0,
				-0.0000001192093,
				-1,
				9.999999
			],
			[
				0.9848074,
				0.1736504,
				-0.0000001192093,
				-0.0000001035024
			],
			[
				0,
				0,
				0,
				1
			]
		]
		},
		{
			"file_path": "./train/i_29",
			"rotation": 0.012566370614359171,
			"transform_matrix": [
			[
				0.3420223,
				-0.9396919,
				0,
				0.0000005601005
			],
			[
				0,
				0,
				-1,
				9.999999
			],
			[
				0.9396919,
				0.3420224,
				0,
				-0.0000002038599
			],
			[
				0,
				0,
				0,
				1
			]
		]
		},
		{
			"file_path": "./train/i_30",
			"rotation": 0.012566370614359171,
			"transform_matrix": [
			[
				0.5000021,
				-0.8660242,
				0,
				0.0000005161914
			],
			[
				0,
				0,
				-1,
				9.999999
			],
			[
				0.8660242,
				0.5000021,
				0,
				-0.0000002980232
			],
			[
				0,
				0,
				0,
				1
			]
		]
		},
		{
			"file_path": "./train/i_31",
			"rotation": 0.012566370614359171,
			"transform_matrix": [
			[
				0.6427895,
				-0.7660429,
				0,
				0.0000004565981
			],
			[
				0,
				-0.0000001192093,
				-1,
				9.999999
			],
			[
				0.7660429,
				0.6427896,
				-0.0000001192093,
				-0.0000003831312
			],
			[
				0,
				0,
				0,
				1
			]
		]
		},
		{
			"file_path": "./train/i_32",
			"rotation": 0.012566370614359171,
			"transform_matrix": [
			[
				0.7660461,
				-0.6427856,
				0,
				0.0000003831313
			],
			[
				0,
				0,
				-1,
				9.999999
			],
			[
				0.6427856,
				0.7660462,
				0,
				-0.000000456598
			],
			[
				0,
				0,
				0,
				1
			]
		]
		},
		{
			"file_path": "./train/i_33",
			"rotation": 0.012566370614359171,
			"transform_matrix": [
			[
				0.8660268,
				-0.4999977,
				0,
				0.0000002980233
			],
			[
				0,
				-0.0000001192093,
				-1,
				9.999999
			],
			[
				0.4999977,
				0.8660268,
				-0.0000001192093,
				-0.0000005161913
			],
			[
				0,
				0,
				0,
				1
			]
		]
		},
		{
			"file_path": "./train/i_34",
			"rotation": 0.012566370614359171,
			"transform_matrix": [
			[
				0.9396936,
				-0.3420175,
				0,
				0.0000002038599
			],
			[
				0,
				0,
				-1,
				9.999999
			],
			[
				0.3420175,
				0.9396936,
				0,
				-0.0000005601004
			],
			[
				0,
				0,
				0,
				1
			]
		]
		},
		{
			"file_path": "./train/i_35",
			"rotation": 0.012566370614359171,
			"transform_matrix": [
			[
				0.9848083,
				-0.1736453,
				0,
				0.0000001035024
			],
			[
				0,
				0.00000005960464,
				-0.9999999,
				9.999999
			],
			[
				0.1736453,
				0.9848081,
				0.00000005960464,
				-0.0000005869912
			],
			[
				0,
				0,
				0,
				1
			]
		]
		},
		{
			"file_path": "./train/i_36",
			"rotation": 0.012566370614359171,
			"transform_matrix": [
			[
				1,
				0.000002960046,
				0.0000002589705,
				-0.000002589705
			],
			[
				0.0000000000001137,
				0.0871557,
				-0.9961947,
				9.961946
			],
			[
				-0.000002971353,
				0.9961947,
				0.0871557,
				-0.871558
			],
			[
				0,
				0,
				0,
				1
			]
		]
		},
		{
			"file_path": "./train/i_37",
			"rotation": 0.012566370614359171,
			"transform_matrix": [
			[
				0.9848073,
				0.1729904,
				0.01513468,
				-0.151347
			],
			[
				0.00000001490116,
				0.08715558,
				-0.9961947,
				9.961946
			],
			[
				-0.1736512,
				0.9810597,
				0.08583146,
				-0.8583167
			],
			[
				0,
				0,
				0,
				1
			]
		]
		},
		{
			"file_path": "./train/i_38",
			"rotation": 0.012566370614359171,
			"transform_matrix": [
			[
				0.9396915,
				0.3407216,
				0.02980924,
				-0.2980928
			],
			[
				0.00000004470348,
				0.08715552,
				-0.9961947,
				9.961946
			],
			[
				-0.3420231,
				0.9361157,
				0.08189934,
				-0.8189958
			],
			[
				0,
				0,
				0,
				1
			]
		]
		},
		{
			"file_path": "./train/i_39",
			"rotation": 0.012566370614359171,
			"transform_matrix": [
			[
				0.8660238,
				0.4981002,
				0.04357798,
				-0.4357813
			],
			[
				0.00000005960464,
				0.08715534,
				-0.9961947,
				9.961946
			],
			[
				-0.5000029,
				0.8627284,
				0.07547855,
				-0.7547901
			],
			[
				0,
				0,
				0,
				1
			]
		]
		},
		{
			"file_path": "./train/i_40",
			"rotation": 0.012566370614359171,
			"transform_matrix": [
			[
				0.7660423,
				0.6403442,
				0.05602267,
				-0.5602287
			],
			[
				0.00000005960464,
				0.0871554,
				-0.9961947,
				9.961946
			],
			[
				-0.6427902,
				0.7631273,
				0.06676471,
				-0.6676505
			],
			[
				0,
				0,
				0,
				1
			]
		]
		},
		{
			"file_path": "./train/i_41",
			"rotation": 0.012566370614359171,
			"transform_matrix": [
			[
				0.642785,
				0.7631316,
				0.06676516,
				-0.6676539
			],
			[
				0.00000005960464,
				0.0871554,
				-0.9961947,
				9.961946
			],
			[
				-0.7660466,
				0.640339,
				0.05602211,
				-0.5602247
			],
			[
				0,
				0,
				0,
				1
			]
		]
		},
		{
			"file_path": "./train/i_42",
			"rotation": 0.012566370614359171,
			"transform_matrix": [
			[
				0.499997,
				0.8627317,
				0.07547891,
				-0.7547927
			],
			[
				0.00000008940697,
				0.08715534,
				-0.9961947,
				9.961946
			],
			[
				-0.8660271,
				0.4980943,
				0.04357737,
				-0.4357768
			],
			[
				0,
				0,
				0,
				1
			]
		]
		},
		{
			"file_path": "./train/i_43",
			"rotation": 0.012566370614359171,
			"transform_matrix": [
			[
				0.3420167,
				0.9361181,
				0.08189937,
				-0.8189976
			],
			[
				0.0000001192093,
				0.08715534,
				-0.9961947,
				9.961946
			],
			[
				-0.9396938,
				0.3407152,
				0.02980852,
				-0.298088
			],
			[
				0,
				0,
				0,
				1
			]
		]
		},
		{
			"file_path": "./train/i_44",
			"rotation": 0.012566370614359171,
			"transform_matrix": [
			[
				0.1736444,
				0.981061,
				0.0858314,
				-0.8583176
			],
			[
				0.0000001490116,
				0.08715534,
				-0.9961947,
				9.961946
			],
			[
				-0.9848084,
				0.1729837,
				0.01513386,
				-0.1513419
			],
			[
				0,
				0,
				0,
				1
			]
		]
		},
		{
			"file_path": "./train/i_45",
			"rotation": 0.012566370614359171,
			"transform_matrix": [
			[
				-0.000003814697,
				0.9961948,
				0.08715537,
				-0.871558
			],
			[
				0.0000002086163,
				0.08715528,
				-0.9961948,
				9.961946
			],
			[
				-1,
				-0.000003784895,
				-0.0000005960464,
				0.000002603333
			],
			[
				0,
				0,
				0,
				1
			]
		]
		},
		{
			"file_path": "./train/i_46",
			"rotation": 0.012566370614359171,
			"transform_matrix": [
			[
				-0.1736522,
				0.9810597,
				0.08583117,
				-0.8583167
			],
			[
				0.0000002086163,
				0.08715528,
				-0.9961948,
				9.961946
			],
			[
				-0.9848071,
				-0.1729913,
				-0.01513505,
				0.151347
			],
			[
				0,
				0,
				0,
				1
			]
		]
		},
		{
			"file_path": "./train/i_47",
			"rotation": 0.012566370614359171,
			"transform_matrix": [
			[
				-0.3420241,
				0.9361155,
				0.08189902,
				-0.8189958
			],
			[
				0.0000002086163,
				0.08715516,
				-0.9961948,
				9.961946
			],
			[
				-0.9396913,
				-0.3407226,
				-0.02980947,
				0.2980928
			],
			[
				0,
				0,
				0,
				1
			]
		]
		},
		{
			"file_path": "./train/i_48",
			"rotation": 0.012566370614359171,
			"transform_matrix": [
			[
				-0.5000037,
				0.8627279,
				0.07547837,
				-0.7547901
			],
			[
				0.0000001788139,
				0.08715522,
				-0.9961948,
				9.961946
			],
			[
				-0.8660234,
				-0.498101,
				-0.04357815,
				0.4357813
			],
			[
				0,
				0,
				0,
				1
			]
		]
		},
		{
			"file_path": "./train/i_49",
			"rotation": 0.012566370614359171,
			"transform_matrix": [
			[
				-0.642791,
				0.7631268,
				0.06676444,
				-0.6676505
			],
			[
				0.0000002384186,
				0.08715522,
				-0.9961948,
				9.961946
			],
			[
				-0.7660418,
				-0.640345,
				-0.05602288,
				0.5602287
			],
			[
				0,
				0,
				0,
				1
			]
		]
		},
		{
			"file_path": "./train/i_50",
			"rotation": 0.012566370614359171,
			"transform_matrix": [
			[
				-0.7660475,
				0.6403384,
				0.05602187,
				-0.5602247
			],
			[
				0.0000002086163,
				0.0871551,
				-0.9961948,
				9.961946
			],
			[
				-0.6427843,
				-0.7631323,
				-0.06676531,
				0.6676539
			],
			[
				0,
				0,
				0,
				1
			]
		]
		},
		{
			"file_path": "./train/i_51",
			"rotation": 0.012566370614359171,
			"transform_matrix": [
			[
				-0.8660278,
				0.4980936,
				0.04357709,
				-0.4357768
			],
			[
				0.0000002235174,
				0.08715516,
				-0.9961948,
				9.961946
			],
			[
				-0.4999962,
				-0.8627322,
				-0.07547903,
				0.7547927
			],
			[
				0,
				0,
				0,
				1
			]
		]
		},
		{
			"file_path": "./train/i_52",
			"rotation": 0.012566370614359171,
			"transform_matrix": [
			[
				-0.9396942,
				0.3407145,
				0.0298083,
				-0.298088
			],
			[
				0.0000002086163,
				0.08715528,
				-0.9961948,
				9.961946
			],
			[
				-0.3420159,
				-0.9361184,
				-0.0818994,
				0.8189976
			],
			[
				0,
				0,
				0,
				1
			]
		]
		},
		{
			"file_path": "./train/i_53",
			"rotation": 0.012566370614359171,
			"transform_matrix": [
			[
				-0.9848084,
				0.1729829,
				0.01513374,
				-0.1513419
			],
			[
				0.0000002086163,
				0.08715522,
				-0.9961947,
				9.961946
			],
			[
				-0.1736436,
				-0.9810611,
				-0.08583117,
				0.8583176
			],
			[
				0,
				0,
				0,
				1
			]
		]
		},
		{
			"file_path": "./train/i_54",
			"rotation": 0.012566370614359171,
			"transform_matrix": [
			[
				-0.9999998,
				-0.000004639904,
				-0.0000006191779,
				0.000002603333
			],
			[
				0.0000002124302,
				0.08715522,
				-0.9961947,
				9.961946
			],
			[
				0.000004676212,
				-0.9961947,
				-0.08715498,
				0.871558
			],
			[
				0,
				0,
				0,
				1
			]
		]
		},
		{
			"file_path": "./train/i_55",
			"rotation": 0.012566370614359171,
			"transform_matrix": [
			[
				-0.984807,
				-0.1729921,
				-0.01513495,
				0.151347
			],
			[
				0.000000230968,
				0.08715498,
				-0.9961948,
				9.961946
			],
			[
				0.1736529,
				-0.9810595,
				-0.08583081,
				0.8583167
			],
			[
				0,
				0,
				0,
				1
			]
		]
		},
		{
			"file_path": "./train/i_56",
			"rotation": 0.012566370614359171,
			"transform_matrix": [
			[
				-0.9396908,
				-0.3407232,
				-0.02980937,
				0.2980928
			],
			[
				0.0000002384186,
				0.08715498,
				-0.9961947,
				9.961946
			],
			[
				0.3420247,
				-0.9361151,
				-0.08189857,
				0.8189958
			],
			[
				0,
				0,
				0,
				1
			]
		]
		},
		{
			"file_path": "./train/i_57",
			"rotation": 0.012566370614359171,
			"transform_matrix": [
			[
				-0.8660229,
				-0.4981017,
				-0.04357804,
				0.4357813
			],
			[
				0.0000002682209,
				0.08715487,
				-0.9961948,
				9.961946
			],
			[
				0.5000044,
				-0.8627275,
				-0.07547796,
				0.7547901
			],
			[
				0,
				0,
				0,
				1
			]
		]
		},
		{
			"file_path": "./train/i_58",
			"rotation": 0.012566370614359171,
			"transform_matrix": [
			[
				-0.766041,
				-0.6403455,
				-0.05602258,
				0.5602287
			],
			[
				0.0000002384186,
				0.08715487,
				-0.9961947,
				9.961946
			],
			[
				0.6427915,
				-0.7631261,
				-0.066764,
				0.6676505
			],
			[
				0,
				0,
				0,
				1
			]
		]
		},
		{
			"file_path": "./train/i_59",
			"rotation": 0.012566370614359171,
			"transform_matrix": [
			[
				-0.6427836,
				-0.7631328,
				-0.06676498,
				0.6676539
			],
			[
				0.0000002086163,
				0.08715492,
				-0.9961948,
				9.961946
			],
			[
				0.7660478,
				-0.6403377,
				-0.05602169,
				0.5602247
			],
			[
				0,
				0,
				0,
				1
			]
		]
		},
		{
			"file_path": "./train/i_60",
			"rotation": 0.012566370614359171,
			"transform_matrix": [
			[
				-0.4999954,
				-0.8627326,
				-0.07547864,
				0.7547927
			],
			[
				0.0000002384186,
				0.08715487,
				-0.9961948,
				9.961946
			],
			[
				0.8660281,
				-0.4980928,
				-0.04357684,
				0.4357768
			],
			[
				0,
				0,
				0,
				1
			]
		]
		},
		{
			"file_path": "./train/i_61",
			"rotation": 0.012566370614359171,
			"transform_matrix": [
			[
				-0.3420151,
				-0.9361187,
				-0.08189905,
				0.8189976
			],
			[
				0.0000001490116,
				0.08715487,
				-0.9961948,
				9.961946
			],
			[
				0.9396945,
				-0.3407136,
				-0.02980816,
				0.298088
			],
			[
				0,
				0,
				0,
				1
			]
		]
		},
		{
			"file_path": "./train/i_62",
			"rotation": 0.012566370614359171,
			"transform_matrix": [
			[
				-0.1736429,
				-0.9810613,
				-0.0858309,
				0.8583176
			],
			[
				0.0000001490116,
				0.08715487,
				-0.9961948,
				9.961946
			],
			[
				0.9848087,
				-0.172982,
				-0.01513374,
				0.1513419
			],
			[
				0,
				0,
				0,
				1
			]
		]
		},
		{
			"file_path": "./train/i_63",
			"rotation": 0.012566370614359171,
			"transform_matrix": [
			[
				0.000005483627,
				-0.9961948,
				-0.08715492,
				0.871558
			],
			[
				0.0000001490116,
				0.08715487,
				-0.9961948,
				9.961946
			],
			[
				1,
				0.000005543232,
				0.0000005960464,
				-0.000002603333
			],
			[
				0,
				0,
				0,
				1
			]
		]
		},
		{
			"file_path": "./train/i_64",
			"rotation": 0.012566370614359171,
			"transform_matrix": [
			[
				0.1736537,
				-0.9810594,
				-0.08583075,
				0.8583167
			],
			[
				0.0000002384186,
				0.08715487,
				-0.9961948,
				9.961946
			],
			[
				0.9848068,
				0.1729929,
				0.01513493,
				-0.151347
			],
			[
				0,
				0,
				0,
				1
			]
		]
		},
		{
			"file_path": "./train/i_65",
			"rotation": 0.012566370614359171,
			"transform_matrix": [
			[
				0.3420255,
				-0.936115,
				-0.08189857,
				0.8189958
			],
			[
				0.0000002682209,
				0.08715487,
				-0.9961948,
				9.961946
			],
			[
				0.9396907,
				0.3407241,
				0.02980936,
				-0.2980928
			],
			[
				0,
				0,
				0,
				1
			]
		]
		},
		{
			"file_path": "./train/i_66",
			"rotation": 0.012566370614359171,
			"transform_matrix": [
			[
				0.5000051,
				-0.8627272,
				-0.07547796,
				0.7547901
			],
			[
				0.0000003278255,
				0.08715492,
				-0.9961948,
				9.961946
			],
			[
				0.8660225,
				0.4981024,
				0.04357815,
				-0.4357813
			],
			[
				0,
				0,
				0,
				1
			]
		]
		},
		{
			"file_path": "./train/i_67",
			"rotation": 0.012566370614359171,
			"transform_matrix": [
			[
				0.6427921,
				-0.7631257,
				-0.06676403,
				0.6676505
			],
			[
				0.0000003278255,
				0.08715498,
				-0.9961948,
				9.961946
			],
			[
				0.7660407,
				0.6403461,
				0.05602276,
				-0.5602287
			],
			[
				0,
				0,
				0,
				1
			]
		]
		},
		{
			"file_path": "./train/i_68",
			"rotation": 0.012566370614359171,
			"transform_matrix": [
			[
				0.7660483,
				-0.6403371,
				-0.05602142,
				0.5602247
			],
			[
				0.0000003576279,
				0.08715492,
				-0.9961947,
				9.961946
			],
			[
				0.642783,
				0.7631333,
				0.06676513,
				-0.6676539
			],
			[
				0,
				0,
				0,
				1
			]
		]
		},
		{
			"file_path": "./train/i_69",
			"rotation": 0.012566370614359171,
			"transform_matrix": [
			[
				0.8660284,
				-0.4980922,
				-0.04357672,
				0.4357768
			],
			[
				0.0000002980232,
				0.08715487,
				-0.9961948,
				9.961946
			],
			[
				0.4999948,
				0.8627329,
				0.07547879,
				-0.7547927
			],
			[
				0,
				0,
				0,
				1
			]
		]
		},
		{
			"file_path": "./train/i_70",
			"rotation": 0.012566370614359171,
			"transform_matrix": [
			[
				0.9396947,
				-0.340713,
				-0.02980793,
				0.298088
			],
			[
				0.0000003129244,
				0.08715487,
				-0.9961948,
				9.961946
			],
			[
				0.3420144,
				0.9361189,
				0.08189911,
				-0.8189976
			],
			[
				0,
				0,
				0,
				1
			]
		]
		},
		{
			"file_path": "./train/i_71",
			"rotation": 0.012566370614359171,
			"transform_matrix": [
			[
				0.9848088,
				-0.1729814,
				-0.01513345,
				0.1513419
			],
			[
				0.0000002980232,
				0.08715487,
				-0.9961947,
				9.961946
			],
			[
				0.1736421,
				0.9810613,
				0.08583093,
				-0.8583176
			],
			[
				0,
				0,
				0,
				1
			]
		]
		},
		{
			"file_path": "./train/i_72",
			"rotation": 0.012566370614359171,
			"transform_matrix": [
			[
				1,
				0.000006104192,
				0.000001382835,
				-0.000007976108
			],
			[
				0.000000301852,
				0.173647,
				-0.9848079,
				9.848076
			],
			[
				-0.000006251582,
				0.9848079,
				0.173647,
				-1.736482
			],
			[
				0,
				0,
				0,
				1
			]
		]
		},
		{
			"file_path": "./train/i_73",
			"rotation": 0.012566370614359171,
			"transform_matrix": [
			[
				0.9848067,
				0.1710162,
				0.03015488,
				-0.3015448
			],
			[
				0.0000003054738,
				0.173647,
				-0.984808,
				9.848076
			],
			[
				-0.1736544,
				0.9698454,
				0.1710087,
				-1.7101
			],
			[
				0,
				0,
				0,
				1
			]
		]
		},
		{
			"file_path": "./train/i_74",
			"rotation": 0.012566370614359171,
			"transform_matrix": [
			[
				0.9396904,
				0.33683,
				0.05939214,
				-0.5939194
			],
			[
				0.0000002980232,
				0.1736471,
				-0.984808,
				9.848076
			],
			[
				-0.3420262,
				0.9254147,
				0.1631744,
				-1.631757
			],
			[
				0,
				0,
				0,
				1
			]
		]
		},
		{
			"file_path": "./train/i_75",
			"rotation": 0.012566370614359171,
			"transform_matrix": [
			[
				0.8660221,
				0.4924095,
				0.0868248,
				-0.868248
			],
			[
				0.0000002831221,
				0.1736472,
				-0.9848079,
				9.848076
			],
			[
				-0.5000056,
				0.8528655,
				0.1503822,
				-1.503834
			],
			[
				0,
				0,
				0,
				1
			]
		]
		},
		{
			"file_path": "./train/i_76",
			"rotation": 0.012566370614359171,
			"transform_matrix": [
			[
				0.7660401,
				0.6330273,
				0.1116194,
				-1.116195
			],
			[
				0.0000003278255,
				0.1736472,
				-0.9848079,
				9.848076
			],
			[
				-0.6427928,
				0.7544025,
				0.1330205,
				-1.330217
			],
			[
				0,
				0,
				0,
				1
			]
		]
		},
		{
			"file_path": "./train/i_77",
			"rotation": 0.012566370614359171,
			"transform_matrix": [
			[
				0.6427824,
				0.754411,
				0.1330224,
				-1.330228
			],
			[
				0.0000003278255,
				0.1736471,
				-0.984808,
				9.848076
			],
			[
				-0.7660488,
				0.6330173,
				0.1116171,
				-1.116183
			],
			[
				0,
				0,
				0,
				1
			]
		]
		},
		{
			"file_path": "./train/i_78",
			"rotation": 0.012566370614359171,
			"transform_matrix": [
			[
				0.499994,
				0.852872,
				0.1503836,
				-1.503842
			],
			[
				0.0000003278255,
				0.1736471,
				-0.984808,
				9.848076
			],
			[
				-0.8660288,
				0.4923981,
				0.08682221,
				-0.8682342
			],
			[
				0,
				0,
				0,
				1
			]
		]
		},
		{
			"file_path": "./train/i_79",
			"rotation": 0.012566370614359171,
			"transform_matrix": [
			[
				0.3420136,
				0.9254191,
				0.1631754,
				-1.631762
			],
			[
				0.0000003278255,
				0.173647,
				-0.984808,
				9.848076
			],
			[
				-0.939695,
				0.3368178,
				0.05938935,
				-0.5939044
			],
			[
				0,
				0,
				0,
				1
			]
		]
		},
		{
			"file_path": "./train/i_80",
			"rotation": 0.012566370614359171,
			"transform_matrix": [
			[
				0.1736412,
				0.9698477,
				0.1710093,
				-1.710103
			],
			[
				0.0000003278255,
				0.1736471,
				-0.984808,
				9.848076
			],
			[
				-0.984809,
				0.1710033,
				0.03015196,
				-0.3015291
			],
			[
				0,
				0,
				0,
				1
			]
		]
		},
		{
			"file_path": "./train/i_81",
			"rotation": 0.012566370614359171,
			"transform_matrix": [
			[
				-0.000007152557,
				0.984808,
				0.1736472,
				-1.736482
			],
			[
				0.0000002980232,
				0.1736472,
				-0.984808,
				9.848076
			],
			[
				-1,
				-0.000006973743,
				-0.000001549721,
				0.000008019261
			],
			[
				0,
				0,
				0,
				1
			]
		]
		},
		{
			"file_path": "./train/i_82",
			"rotation": 0.012566370614359171,
			"transform_matrix": [
			[
				-0.1736553,
				0.9698453,
				0.1710088,
				-1.7101
			],
			[
				0.0000003278255,
				0.1736471,
				-0.984808,
				9.848076
			],
			[
				-0.9848065,
				-0.171017,
				-0.03015506,
				0.3015449
			],
			[
				0,
				0,
				0,
				1
			]
		]
		},
		{
			"file_path": "./train/i_83",
			"rotation": 0.012566370614359171,
			"transform_matrix": [
			[
				-0.3420272,
				0.9254144,
				0.1631743,
				-1.631757
			],
			[
				0.0000003576279,
				0.173647,
				-0.984808,
				9.848076
			],
			[
				-0.9396902,
				-0.3368309,
				-0.05939245,
				0.5939195
			],
			[
				0,
				0,
				0,
				1
			]
		]
		},
		{
			"file_path": "./train/i_84",
			"rotation": 0.012566370614359171,
			"transform_matrix": [
			[
				-0.5000066,
				0.8528651,
				0.150382,
				-1.503834
			],
			[
				0.0000002980232,
				0.173647,
				-0.984808,
				9.848076
			],
			[
				-0.8660218,
				-0.4924103,
				-0.08682501,
				0.8682481
			],
			[
				0,
				0,
				0,
				1
			]
		]
		},
		{
			"file_path": "./train/i_85",
			"rotation": 0.012566370614359171,
			"transform_matrix": [
			[
				-0.6427934,
				0.7544019,
				0.1330204,
				-1.330217
			],
			[
				0.0000003278255,
				0.173647,
				-0.984808,
				9.848076
			],
			[
				-0.7660396,
				-0.633028,
				-0.1116195,
				1.116195
			],
			[
				0,
				0,
				0,
				1
			]
		]
		},
		{
			"file_path": "./train/i_86",
			"rotation": 0.012566370614359171,
			"transform_matrix": [
			[
				-0.7660494,
				0.6330167,
				0.111617,
				-1.116183
			],
			[
				0.0000002682209,
				0.173647,
				-0.984808,
				9.848076
			],
			[
				-0.6427819,
				-0.7544115,
				-0.1330224,
				1.330228
			],
			[
				0,
				0,
				0,
				1
			]
		]
		},
		{
			"file_path": "./train/i_87",
			"rotation": 0.012566370614359171,
			"transform_matrix": [
			[
				-0.8660293,
				0.4923975,
				0.08682212,
				-0.8682341
			],
			[
				0.0000002682209,
				0.173647,
				-0.984808,
				9.848076
			],
			[
				-0.4999934,
				-0.8528725,
				-0.1503836,
				1.503842
			],
			[
				0,
				0,
				0,
				1
			]
		]
		},
		{
			"file_path": "./train/i_88",
			"rotation": 0.012566370614359171,
			"transform_matrix": [
			[
				-0.9396954,
				0.336817,
				0.05938925,
				-0.5939043
			],
			[
				0.0000002831221,
				0.173647,
				-0.984808,
				9.848076
			],
			[
				-0.3420128,
				-0.9254194,
				-0.1631755,
				1.631762
			],
			[
				0,
				0,
				0,
				1
			]
		]
		},
		{
			"file_path": "./train/i_89",
			"rotation": 0.012566370614359171,
			"transform_matrix": [
			[
				-0.9848092,
				0.1710025,
				0.03015189,
				-0.301529
			],
			[
				0.0000002905726,
				0.1736471,
				-0.984808,
				9.848076
			],
			[
				-0.1736404,
				-0.9698478,
				-0.1710093,
				1.710103
			],
			[
				0,
				0,
				0,
				1
			]
		]
		},
		{
			"file_path": "./train/i_90",
			"rotation": 0.012566370614359171,
			"transform_matrix": [
			[
				-1,
				-0.000007770856,
				-0.000001668803,
				0.00000807796
			],
			[
				0.0000002940642,
				0.173647,
				-0.984808,
				9.848076
			],
			[
				0.000007942583,
				-0.984808,
				-0.1736473,
				1.736482
			],
			[
				0,
				0,
				0,
				1
			]
		]
		},
		{
			"file_path": "./train/i_91",
			"rotation": 0.012566370614359171,
			"transform_matrix": [
			[
				-0.9848064,
				-0.1710178,
				-0.03015516,
				0.3015449
			],
			[
				0.0000002905726,
				0.1736471,
				-0.984808,
				9.848076
			],
			[
				0.1736561,
				-0.9698452,
				-0.1710088,
				1.7101
			],
			[
				0,
				0,
				0,
				1
			]
		]
		},
		{
			"file_path": "./train/i_92",
			"rotation": 0.012566370614359171,
			"transform_matrix": [
			[
				-0.93969,
				-0.3368316,
				-0.05939241,
				0.5939195
			],
			[
				0.0000002682209,
				0.1736472,
				-0.984808,
				9.848076
			],
			[
				0.3420278,
				-0.9254141,
				-0.1631745,
				1.631757
			],
			[
				0,
				0,
				0,
				1
			]
		]
		},
		{
			"file_path": "./train/i_93",
			"rotation": 0.012566370614359171,
			"transform_matrix": [
			[
				-0.8660215,
				-0.4924109,
				-0.08682506,
				0.8682482
			],
			[
				0.0000002682209,
				0.1736472,
				-0.984808,
				9.848076
			],
			[
				0.5000071,
				-0.8528647,
				-0.1503822,
				1.503834
			],
			[
				0,
				0,
				0,
				1
			]
		]
		},
		{
			"file_path": "./train/i_94",
			"rotation": 0.012566370614359171,
			"transform_matrix": [
			[
				-0.7660393,
				-0.6330286,
				-0.1116196,
				1.116195
			],
			[
				0.0000002682209,
				0.1736472,
				-0.984808,
				9.848076
			],
			[
				0.642794,
				-0.7544015,
				-0.1330205,
				1.330217
			],
			[
				0,
				0,
				0,
				1
			]
		]
		},
		{
			"file_path": "./train/i_95",
			"rotation": 0.012566370614359171,
			"transform_matrix": [
			[
				-0.6427813,
				-0.7544119,
				-0.1330226,
				1.330228
			],
			[
				0.0000002682209,
				0.1736472,
				-0.984808,
				9.848076
			],
			[
				0.7660499,
				-0.6330161,
				-0.111617,
				1.116183
			],
			[
				0,
				0,
				0,
				1
			]
		]
		},
		{
			"file_path": "./train/i_96",
			"rotation": 0.012566370614359171,
			"transform_matrix": [
			[
				-0.4999927,
				-0.8528728,
				-0.1503837,
				1.503842
			],
			[
				0.0000002682209,
				0.173647,
				-0.984808,
				9.848076
			],
			[
				0.8660297,
				-0.4923968,
				-0.08682203,
				0.8682341
			],
			[
				0,
				0,
				0,
				1
			]
		]
		},
		{
			"file_path": "./train/i_97",
			"rotation": 0.012566370614359171,
			"transform_matrix": [
			[
				-0.3420122,
				-0.9254197,
				-0.1631755,
				1.631762
			],
			[
				0.0000002980232,
				0.173647,
				-0.984808,
				9.848076
			],
			[
				0.9396956,
				-0.3368163,
				-0.05938911,
				0.5939043
			],
			[
				0,
				0,
				0,
				1
			]
		]
		},
		{
			"file_path": "./train/i_98",
			"rotation": 0.012566370614359171,
			"transform_matrix": [
			[
				-0.1736398,
				-0.969848,
				-0.1710093,
				1.710103
			],
			[
				0.0000002384186,
				0.173647,
				-0.984808,
				9.848076
			],
			[
				0.9848093,
				-0.1710019,
				-0.03015184,
				0.301529
			],
			[
				0,
				0,
				0,
				1
			]
		]
		},
		{
			"file_path": "./train/i_99",
			"rotation": 0.012566370614359171,
			"transform_matrix": [
			[
				0.000008583069,
				-0.984808,
				-0.1736472,
				1.736482
			],
			[
				0.0000002682209,
				0.173647,
				-0.984808,
				9.848076
			],
			[
				1,
				0.000008523464,
				0.00000166893,
				-0.00000807796
			],
			[
				0,
				0,
				0,
				1
			]
		]
		},
		{
			"file_path": "./train/i_100",
			"rotation": 0.012566370614359171,
			"transform_matrix": [
			[
				0.1736568,
				-0.9698451,
				-0.1710088,
				1.7101
			],
			[
				0.0000003278255,
				0.1736472,
				-0.984808,
				9.848076
			],
			[
				0.9848062,
				0.1710186,
				0.0301553,
				-0.3015449
			],
			[
				0,
				0,
				0,
				1
			]
		]
		},
		{
			"file_path": "./train/i_101",
			"rotation": 0.012566370614359171,
			"transform_matrix": [
			[
				0.3420285,
				-0.9254138,
				-0.1631743,
				1.631757
			],
			[
				0.0000003278255,
				0.173647,
				-0.984808,
				9.848076
			],
			[
				0.9396896,
				0.3368325,
				0.05939245,
				-0.5939195
			],
			[
				0,
				0,
				0,
				1
			]
		]
		},
		{
			"file_path": "./train/i_102",
			"rotation": 0.012566370614359171,
			"transform_matrix": [
			[
				0.5000079,
				-0.8528643,
				-0.1503818,
				1.503834
			],
			[
				0.0000003576279,
				0.173647,
				-0.984808,
				9.848076
			],
			[
				0.8660209,
				0.4924116,
				0.08682519,
				-0.8682482
			],
			[
				0,
				0,
				0,
				1
			]
		]
		},
		{
			"file_path": "./train/i_103",
			"rotation": 0.012566370614359171,
			"transform_matrix": [
			[
				0.6427946,
				-0.7544008,
				-0.1330201,
				1.330217
			],
			[
				0.0000003278255,
				0.173647,
				-0.984808,
				9.848076
			],
			[
				0.7660385,
				0.6330292,
				0.1116197,
				-1.116195
			],
			[
				0,
				0,
				0,
				1
			]
		]
		},
		{
			"file_path": "./train/i_104",
			"rotation": 0.012566370614359171,
			"transform_matrix": [
			[
				0.7660504,
				-0.6330154,
				-0.1116167,
				1.116183
			],
			[
				0.0000003278255,
				0.173647,
				-0.984808,
				9.848076
			],
			[
				0.6427805,
				0.7544125,
				0.1330226,
				-1.330228
			],
			[
				0,
				0,
				0,
				1
			]
		]
		},
		{
			"file_path": "./train/i_105",
			"rotation": 0.012566370614359171,
			"transform_matrix": [
			[
				0.86603,
				-0.4923961,
				-0.08682182,
				0.8682341
			],
			[
				0.0000002980232,
				0.173647,
				-0.9848079,
				9.848076
			],
			[
				0.4999919,
				0.8528733,
				0.1503837,
				-1.503842
			],
			[
				0,
				0,
				0,
				1
			]
		]
		},
		{
			"file_path": "./train/i_106",
			"rotation": 0.012566370614359171,
			"transform_matrix": [
			[
				0.9396958,
				-0.3368155,
				-0.05938898,
				0.5939043
			],
			[
				0.0000003278255,
				0.1736471,
				-0.984808,
				9.848076
			],
			[
				0.3420113,
				0.9254199,
				0.1631755,
				-1.631762
			],
			[
				0,
				0,
				0,
				1
			]
		]
		},
		{
			"file_path": "./train/i_107",
			"rotation": 0.012566370614359171,
			"transform_matrix": [
			[
				0.9848094,
				-0.171001,
				-0.03015156,
				0.301529
			],
			[
				0.0000003278255,
				0.173647,
				-0.984808,
				9.848076
			],
			[
				0.1736389,
				0.9698482,
				0.1710093,
				-1.710103
			],
			[
				0,
				0,
				0,
				1
			]
		]
		},
		{
			"file_path": "./train/i_108",
			"rotation": 0.012566370614359171,
			"transform_matrix": [
			[
				1,
				0.000009131606,
				0.000002792412,
				-0.00001614294
			],
			[
				0.00000033384,
				0.2588179,
				-0.9659262,
				9.659257
			],
			[
				-0.000009543183,
				0.9659262,
				0.2588179,
				-2.588191
			],
			[
				0,
				0,
				0,
				1
			]
		]
		},
		{
			"file_path": "./train/i_109",
			"rotation": 0.012566370614359171,
			"transform_matrix": [
			[
				0.9848061,
				0.1677404,
				0.04494605,
				-0.4494505
			],
			[
				0.0000003352761,
				0.2588179,
				-0.9659262,
				9.659257
			],
			[
				-0.1736577,
				0.95125,
				0.2548854,
				-2.548867
			],
			[
				0,
				0,
				0,
				1
			]
		]
		},
		{
			"file_path": "./train/i_110",
			"rotation": 0.012566370614359171,
			"transform_matrix": [
			[
				0.9396893,
				0.330375,
				0.08852366,
				-0.8852286
			],
			[
				0.0000003427267,
				0.2588179,
				-0.9659262,
				9.659257
			],
			[
				-0.3420293,
				0.9076705,
				0.2432083,
				-2.432098
			],
			[
				0,
				0,
				0,
				1
			]
		]
		},
		{
			"file_path": "./train/i_111",
			"rotation": 0.012566370614359171,
			"transform_matrix": [
			[
				0.8660205,
				0.4829712,
				0.1294115,
				-1.294109
			],
			[
				0.0000003576279,
				0.2588179,
