{
	"camera_angle_x": 1.0471975511966,
	"frames": [
		{
			"file_path": "./train/i_0",
			"rotation": 0.012566370614359171,
			"transform_matrix": [
			[
				1,
				0,
				0,
				0
			],
			[
				0,
				-0.0000001192093,
				-1,
				9.999999
			],
			[
				0,
				1,
				-0.0000001192093,
				-0.0000005960464
			],
			[
				0,
				0,
				0,
				1
			]
		]
		},
{
	"camera_angle_x": 1.0471975511966,
	"frames": [
		{
			"file_path": "./train/i_1",
			"rotation": 0.012566370614359171,
			"transform_matrix": [
			[
				0.9848077,
				0.1736483,
				0,
				-0.0000001035024
			],
			[
				0,
				0,
				-1,
				9.999999
			],
			[
				-0.1736483,
				0.9848078,
				0,
				-0.0000005869912
			],
			[
				0,
				0,
				0,
				1
			]
		]
		},
{
	"camera_angle_x": 1.0471975511966,
	"frames": [
		{
			"file_path": "./train/i_2",
			"rotation": 0.012566370614359171,
			"transform_matrix": [
			[
				0.9396926,
				0.3420203,
				0,
				-0.0000002038599
			],
			[
				0,
				0.00000005960464,
				-0.9999999,
				9.999999
			],
			[
				-0.3420203,
				0.9396926,
				0.00000005960464,
				-0.0000005601005
			],
			[
				0,
				0,
				0,
				1
			]
		]
		},
{
	"camera_angle_x": 1.0471975511966,
	"frames": [
		{
			"file_path": "./train/i_3",
			"rotation": 0.012566370614359171,
			"transform_matrix": [
			[
				0.8660253,
				0.5000002,
				0,
				-0.0000002980232
			],
			[
				0,
				0.00000005960464,
				-0.9999999,
				9.999999
			],
			[
				-0.5000002,
				0.8660253,
				0.00000005960464,
				-0.0000005161914
			],
			[
				0,
				0,
				0,
				1
			]
		]
		},
{
	"camera_angle_x": 1.0471975511966,
	"frames": [
		{
			"file_path": "./train/i_4",
			"rotation": 0.012566370614359171,
			"transform_matrix": [
			[
				0.7660442,
				0.6427879,
				0,
				-0.0000003831313
			],
			[
				0,
				0,
				-1,
				9.999999
			],
			[
				-0.6427879,
				0.7660443,
				0,
				-0.0000004565981
			],
			[
				0,
				0,
				0,
				1
			]
		]
		},
{
	"camera_angle_x": 1.0471975511966,
	"frames": [
		{
			"file_path": "./train/i_5",
			"rotation": 0.012566370614359171,
			"transform_matrix": [
			[
				0.6427873,
				0.7660447,
				0,
				-0.0000004565981
			],
			[
				0,
				0,
				-1,
				9.999999
			],
			[
				-0.7660447,
				0.6427873,
				0,
				-0.0000003831313
			],
			[
				0,
				0,
				0,
				1
			]
		]
		},
{
	"camera_angle_x": 1.0471975511966,
	"frames": [
		{
			"file_path": "./train/i_6",
			"rotation": 0.012566370614359171,
			"transform_matrix": [
			[
				0.4999996,
				0.8660256,
				0,
				-0.0000005161913
			],
			[
				0,
				0,
				-1,
				9.999999
			],
			[
				-0.8660256,
				0.4999996,
				0,
				-0.0000002980233
			],
			[
				0,
				0,
				0,
				1
			]
		]
		},
{
	"camera_angle_x": 1.0471975511966,
	"frames": [
		{
			"file_path": "./train/i_7",
			"rotation": 0.012566370614359171,
			"transform_matrix": [
			[
				0.3420196,
				0.9396929,
				0,
				-0.0000005601004
			],
			[
				0,
				0,
				-1,
				9.999999
			],
			[
				-0.9396929,
				0.3420196,
				0,
				-0.0000002038599
			],
			[
				0,
				0,
				0,
				1
			]
		]
		},
{
	"camera_angle_x": 1.0471975511966,
	"frames": [
		{
			"file_path": "./train/i_8",
			"rotation": 0.012566370614359171,
			"transform_matrix": [
			[
				0.1736475,
				0.9848079,
				0,
				-0.0000005869912
			],
			[
				0,
				0,
				-1,
				9.999999
			],
			[
				-0.9848079,
				0.1736476,
				0,
				-0.0000001035024
			],
			[
				0,
				0,
				0,
				1
			]
		]
		},
{
	"camera_angle_x": 1.0471975511966,
	"frames": [
		{
			"file_path": "./train/i_9",
			"rotation": 0.012566370614359171,
			"transform_matrix": [
			[
				-0.0000007152557,
				1,
				0,
				-0.0000005960464
			],
			[
				0,
				0,
				-1,
				9.999999
			],
			[
				-1,
				-0.0000007152557,
				0,
				-0.0000000000000324
			],
			[
				0,
				0,
				0,
				1
			]
		]
		},
{
	"camera_angle_x": 1.0471975511966,
	"frames": [
		{
			"file_path": "./train/i_10",
			"rotation": 0.012566370614359171,
			"transform_matrix": [
			[
				-0.173649,
				0.9848076,
				0,
				-0.0000005869912
			],
			[
				0,
				0,
				-1,
				9.999999
			],
			[
				-0.9848076,
				-0.173649,
				0,
				0.0000001035024
			],
			[
				0,
				0,
				0,
				1
			]
		]
		},
{
	"camera_angle_x": 1.0471975511966,
	"frames": [
		{
			"file_path": "./train/i_11",
			"rotation": 0.012566370614359171,
			"transform_matrix": [
			[
				-0.3420208,
				0.9396923,
				0,
				-0.0000005601005
			],
			[
				0,
				0.00000005960464,
				-0.9999999,
				9.999999
			],
			[
				-0.9396923,
				-0.3420208,
				0.00000005960464,
				0.0000002038599
			],
			[
				0,
				0,
				0,
				1
			]
		]
		},
{
	"camera_angle_x": 1.0471975511966,
	"frames": [
		{
			"file_path": "./train/i_12",
			"rotation": 0.012566370614359171,
			"transform_matrix": [
			[
				-0.5000007,
				0.8660249,
				0,
				-0.0000005161914
			],
			[
				0,
				0,
				-1,
				9.999999
			],
			[
				-0.8660249,
				-0.5000007,
				0,
				0.0000002980232
			],
			[
				0,
				0,
				0,
				1
			]
		]
		},
{
	"camera_angle_x": 1.0471975511966,
	"frames": [
		{
			"file_path": "./train/i_13",
			"rotation": 0.012566370614359171,
			"transform_matrix": [
			[
				-0.6427883,
				0.7660438,
				0,
				-0.0000004565981
			],
			[
				0,
				0,
				-1,
				9.999999
			],
			[
				-0.7660438,
				-0.6427883,
				0,
				0.0000003831312
			],
			[
				0,
				0,
				0,
				1
			]
		]
		},
{
	"camera_angle_x": 1.0471975511966,
	"frames": [
		{
			"file_path": "./train/i_14",
			"rotation": 0.012566370614359171,
			"transform_matrix": [
			[
				-0.7660452,
				0.6427869,
				0,
				-0.0000003831313
			],
			[
				0,
				-0.0000001192093,
				-1,
				9.999999
			],
			[
				-0.6427869,
				-0.7660452,
				-0.0000001192093,
				0.000000456598
			],
			[
				0,
				0,
				0,
				1
			]
		]
		},
{
	"camera_angle_x": 1.0471975511966,
	"frames": [
		{
			"file_path": "./train/i_15",
			"rotation": 0.012566370614359171,
			"transform_matrix": [
			[
				-0.8660258,
				0.4999991,
				0,
				-0.0000002980233
			],
			[
				0,
				0.00000005960464,
				-0.9999999,
				9.999999
			],
			[
				-0.4999991,
				-0.8660259,
				0.00000005960464,
				0.0000005161913
			],
			[
				0,
				0,
				0,
				1
			]
		]
		},
{
	"camera_angle_x": 1.0471975511966,
	"frames": [
		{
			"file_path": "./train/i_16",
			"rotation": 0.012566370614359171,
			"transform_matrix": [
			[
				-0.9396929,
				0.3420191,
				0,
				-0.0000002038599
			],
			[
				0,
				0.00000005960464,
				-0.9999999,
				9.999999
			],
			[
				-0.3420191,
				-0.9396929,
				0.00000005960464,
				0.0000005601004
			],
			[
				0,
				0,
				0,
				1
			]
		]
		},
{
	"camera_angle_x": 1.0471975511966,
	"frames": [
		{
			"file_path": "./train/i_17",
			"rotation": 0.012566370614359171,
			"transform_matrix": [
			[
				-0.9848078,
				0.173647,
				0,
				-0.0000001035024
			],
			[
				0,
				0.00000005960464,
				-0.9999999,
				9.999999
			],
			[
				-0.173647,
				-0.9848079,
				0.00000005960464,
				0.0000005869912
			],
			[
				0,
				0,
				0,
				1
			]
		]
		},
{
	"camera_angle_x": 1.0471975511966,
	"frames": [
		{
			"file_path": "./train/i_18",
			"rotation": 0.012566370614359171,
			"transform_matrix": [
			[
				-0.9999999,
				-0.000001274942,
				0,
				-0.0000000000000324
			],
			[
				0,
				0.00000005960464,
				-0.9999999,
				9.999999
			],
			[
				0.000001274942,
				-0.9999999,
				0.00000005960464,
				0.0000005960464
			],
			[
				0,
				0,
				0,
				1
			]
		]
		},
{
	"camera_angle_x": 1.0471975511966,
	"frames": [
		{
			"file_path": "./train/i_19",
			"rotation": 0.012566370614359171,
			"transform_matrix": [
			[
				-0.9848075,
				-0.1736495,
				0,
				0.0000001035024
			],
			[
				0,
				0,
				-1,
				9.999999
			],
			[
				0.1736495,
				-0.9848075,
				0,
				0.0000005869912
			],
			[
				0,
				0,
				0,
				1
			]
		]
		},
{
	"camera_angle_x": 1.0471975511966,
	"frames": [
		{
			"file_path": "./train/i_20",
			"rotation": 0.012566370614359171,
			"transform_matrix": [
			[
				-0.9396921,
				-0.3420215,
				0,
				0.0000002038599
			],
			[
				0,
				0,
				-1,
				9.999999
			],
			[
				0.3420215,
				-0.9396921,
				0,
				0.0000005601005
			],
			[
				0,
				0,
				0,
				1
			]
		]
		},
{
	"camera_angle_x": 1.0471975511966,
	"frames": [
		{
			"file_path": "./train/i_21",
			"rotation": 0.012566370614359171,
			"transform_matrix": [
			[
				-0.8660245,
				-0.5000013,
				0,
				0.0000002980232
			],
			[
				0,
				0.00000005960464,
				-0.9999999,
				9.999999
			],
			[
				0.5000013,
				-0.8660246,
				0.00000005960464,
				0.0000005161914
			],
			[
				0,
				0,
				0,
				1
			]
		]
		},
{
	"camera_angle_x": 1.0471975511966,
	"frames": [
		{
			"file_path": "./train/i_22",
			"rotation": 0.012566370614359171,
			"transform_matrix": [
			[
				-0.7660433,
				-0.6427888,
				0,
				0.0000003831312
			],
			[
				0,
				0.00000005960464,
				-0.9999999,
				9.999999
			],
			[
				0.6427888,
				-0.7660434,
				0.00000005960464,
				0.0000004565981
			],
			[
				0,
				0,
				0,
				1
			]
		]
		},
{
	"camera_angle_x": 1.0471975511966,
	"frames": [
		{
			"file_path": "./train/i_23",
			"rotation": 0.012566370614359171,
			"transform_matrix": [
			[
				-0.6427864,
				-0.7660457,
				0,
				0.000000456598
			],
			[
				0,
				-0.0000001192093,
				-1,
				9.999999
			],
			[
				0.7660457,
				-0.6427863,
				-0.0000001192093,
				0.0000003831313
			],
			[
				0,
				0,
				0,
				1
			]
		]
		},
{
	"camera_angle_x": 1.0471975511966,
	"frames": [
		{
			"file_path": "./train/i_24",
			"rotation": 0.012566370614359171,
			"transform_matrix": [
			[
				-0.4999983,
				-0.8660264,
				0,
				0.0000005161913
			],
			[
				0,
				0,
				-1,
				9.999999
			],
			[
				0.8660264,
				-0.4999983,
				0,
				0.0000002980233
			],
			[
				0,
				0,
				0,
				1
			]
		]
		},
{
	"camera_angle_x": 1.0471975511966,
	"frames": [
		{
			"file_path": "./train/i_25",
			"rotation": 0.012566370614359171,
			"transform_matrix": [
			[
				-0.3420182,
				-0.9396933,
				0,
				0.0000005601004
			],
			[
				0,
				0,
				-1,
				9.999999
			],
			[
				0.9396933,
				-0.3420182,
				0,
				0.0000002038599
			],
			[
				0,
				0,
				0,
				1
			]
		]
		},
{
	"camera_angle_x": 1.0471975511966,
	"frames": [
		{
			"file_path": "./train/i_26",
			"rotation": 0.012566370614359171,
			"transform_matrix": [
			[
				-0.1736463,
				-0.9848081,
				0,
				0.0000005869912
			],
			[
				0,
				0,
				-1,
				9.999999
			],
			[
				0.9848081,
				-0.1736463,
				0,
				0.0000001035024
			],
			[
				0,
				0,
				0,
				1
			]
		]
		},
{
	"camera_angle_x": 1.0471975511966,
	"frames": [
		{
			"file_path": "./train/i_27",
			"rotation": 0.012566370614359171,
			"transform_matrix": [
			[
				0.000002026558,
				-1,
				0,
				0.0000005960464
			],
			[
				0,
				0,
				-1,
				9.999999
			],
			[
				1,
				0.000002086163,
				0,
				0.0000000000000324
			],
			[
				0,
				0,
				0,
				1
			]
		]
		},
{
	"camera_angle_x": 1.0471975511966,
	"frames": [
		{
			"file_path": "./train/i_28",
			"rotation": 0.012566370614359171,
			"transform_matrix": [
			[
				0.1736503,
				-0.9848074,
				0,
				0.0000005869912
			],
			[
				0,
				-0.0000001192093,
				-1,
				9.999999
			],
			[
				0.9848074,
				0.1736504,
				-0.0000001192093,
				-0.0000001035024
			],
			[
				0,
				0,
				0,
				1
			]
		]
		},
{
	"camera_angle_x": 1.0471975511966,
	"frames": [
		{
			"file_path": "./train/i_29",
			"rotation": 0.012566370614359171,
			"transform_matrix": [
			[
				0.3420223,
				-0.9396919,
				0,
				0.0000005601005
			],
			[
				0,
				0,
				-1,
				9.999999
			],
			[
				0.9396919,
				0.3420224,
				0,
				-0.0000002038599
			],
			[
				0,
				0,
				0,
				1
			]
		]
		},
{
	"camera_angle_x": 1.0471975511966,
	"frames": [
		{
			"file_path": "./train/i_30",
			"rotation": 0.012566370614359171,
			"transform_matrix": [
			[
				0.5000021,
				-0.8660242,
				0,
				0.0000005161914
			],
			[
				0,
				0,
				-1,
				9.999999
			],
			[
				0.8660242,
				0.5000021,
				0,
				-0.0000002980232
			],
			[
				0,
				0,
				0,
				1
			]
		]
		},
{
	"camera_angle_x": 1.0471975511966,
	"frames": [
		{
			"file_path": "./train/i_31",
			"rotation": 0.012566370614359171,
			"transform_matrix": [
			[
				0.6427895,
				-0.7660429,
				0,
				0.0000004565981
			],
			[
				0,
				-0.0000001192093,
				-1,
				9.999999
			],
			[
				0.7660429,
				0.6427896,
				-0.0000001192093,
				-0.0000003831312
			],
			[
				0,
				0,
				0,
				1
			]
		]
		},
{
	"camera_angle_x": 1.0471975511966,
	"frames": [
		{
			"file_path": "./train/i_32",
			"rotation": 0.012566370614359171,
			"transform_matrix": [
			[
				0.7660461,
				-0.6427856,
				0,
				0.0000003831313
			],
			[
				0,
				0,
				-1,
				9.999999
			],
			[
				0.6427856,
				0.7660462,
				0,
				-0.000000456598
			],
			[
				0,
				0,
				0,
				1
			]
		]
		},
{
	"camera_angle_x": 1.0471975511966,
	"frames": [
		{
			"file_path": "./train/i_33",
			"rotation": 0.012566370614359171,
			"transform_matrix": [
			[
				0.8660268,
				-0.4999977,
				0,
				0.0000002980233
			],
			[
				0,
				-0.0000001192093,
				-1,
				9.999999
			],
			[
				0.4999977,
				0.8660268,
				-0.0000001192093,
				-0.0000005161913
			],
			[
				0,
				0,
				0,
				1
			]
		]
		},
{
	"camera_angle_x": 1.0471975511966,
	"frames": [
		{
			"file_path": "./train/i_34",
			"rotation": 0.012566370614359171,
			"transform_matrix": [
			[
				0.9396936,
				-0.3420175,
				0,
				0.0000002038599
			],
			[
				0,
				0,
				-1,
				9.999999
			],
			[
				0.3420175,
				0.9396936,
				0,
				-0.0000005601004
			],
			[
				0,
				0,
				0,
				1
			]
		]
		},
{
	"camera_angle_x": 1.0471975511966,
	"frames": [
		{
			"file_path": "./train/i_35",
			"rotation": 0.012566370614359171,
			"transform_matrix": [
			[
				0.9848083,
				-0.1736453,
				0,
				0.0000001035024
			],
			[
				0,
				0.00000005960464,
				-0.9999999,
				9.999999
			],
			[
				0.1736453,
				0.9848081,
				0.00000005960464,
				-0.0000005869912
			],
			[
				0,
				0,
				0,
				1
			]
		]
		},
		{
			"file_path": "./train/i_36",
			"rotation": 0.012566370614359171,
			"transform_matrix": [
			[
				1,
				0.000002960046,
				0.0000002589705,
				-0.000002589705
			],
			[
				0.0000000000001137,
				0.0871557,
				-0.9961947,
				9.961946
			],
			[
				-0.000002971353,
				0.9961947,
				0.0871557,
				-0.871558
			],
			[
				0,
				0,
				0,
				1
			]
		]
		},
		{
			"file_path": "./train/i_37",
			"rotation": 0.012566370614359171,
			"transform_matrix": [
			[
				0.9848073,
				0.1729904,
				0.01513468,
				-0.151347
			],
			[
				0.00000001490116,
				0.08715558,
				-0.9961947,
				9.961946
			],
			[
				-0.1736512,
				0.9810597,
				0.08583146,
				-0.8583167
			],
			[
				0,
				0,
				0,
				1
			]
		]
		},
		{
			"file_path": "./train/i_38",
			"rotation": 0.012566370614359171,
			"transform_matrix": [
			[
				0.9396915,
				0.3407216,
				0.02980924,
				-0.2980928
			],
			[
				0.00000004470348,
				0.08715552,
				-0.9961947,
				9.961946
			],
			[
				-0.3420231,
				0.9361157,
				0.08189934,
				-0.8189958
			],
			[
				0,
				0,
				0,
				1
			]
		]
		},
		{
			"file_path": "./train/i_39",
			"rotation": 0.012566370614359171,
			"transform_matrix": [
			[
				0.8660238,
				0.4981002,
				0.04357798,
				-0.4357813
			],
			[
				0.00000005960464,
				0.08715534,
				-0.9961947,
				9.961946
			],
			[
				-0.5000029,
				0.8627284,
				0.07547855,
				-0.7547901
			],
			[
				0,
				0,
				0,
				1
			]
		]
		},
		{
			"file_path": "./train/i_40",
			"rotation": 0.012566370614359171,
			"transform_matrix": [
			[
				0.7660423,
				0.6403442,
				0.05602267,
				-0.5602287
			],
			[
				0.00000005960464,
				0.0871554,
				-0.9961947,
				9.961946
			],
			[
				-0.6427902,
				0.7631273,
				0.06676471,
				-0.6676505
			],
			[
				0,
				0,
				0,
				1
			]
		]
		},
		{
			"file_path": "./train/i_41",
			"rotation": 0.012566370614359171,
			"transform_matrix": [
			[
				0.642785,
				0.7631316,
				0.06676516,
				-0.6676539
			],
			[
				0.00000005960464,
				0.0871554,
				-0.9961947,
				9.961946
			],
			[
				-0.7660466,
				0.640339,
				0.05602211,
				-0.5602247
			],
			[
				0,
				0,
				0,
				1
			]
		]
		},
		{
			"file_path": "./train/i_42",
			"rotation": 0.012566370614359171,
			"transform_matrix": [
			[
				0.499997,
				0.8627317,
				0.07547891,
				-0.7547927
			],
			[
				0.00000008940697,
				0.08715534,
				-0.9961947,
				9.961946
			],
			[
				-0.8660271,
				0.4980943,
				0.04357737,
				-0.4357768
			],
			[
				0,
				0,
				0,
				1
			]
		]
		},
		{
			"file_path": "./train/i_43",
			"rotation": 0.012566370614359171,
			"transform_matrix": [
			[
				0.3420167,
				0.9361181,
				0.08189937,
				-0.8189976
			],
			[
				0.0000001192093,
				0.08715534,
				-0.9961947,
				9.961946
			],
			[
				-0.9396938,
				0.3407152,
				0.02980852,
				-0.298088
			],
			[
				0,
				0,
				0,
				1
			]
		]
		},
		{
			"file_path": "./train/i_44",
			"rotation": 0.012566370614359171,
			"transform_matrix": [
			[
				0.1736444,
				0.981061,
				0.0858314,
				-0.8583176
			],
			[
				0.0000001490116,
				0.08715534,
				-0.9961947,
				9.961946
			],
			[
				-0.9848084,
				0.1729837,
				0.01513386,
				-0.1513419
			],
			[
				0,
				0,
				0,
				1
			]
		]
		},
		{
			"file_path": "./train/i_45",
			"rotation": 0.012566370614359171,
			"transform_matrix": [
			[
				-0.000003814697,
				0.9961948,
				0.08715537,
				-0.871558
			],
			[
				0.0000002086163,
				0.08715528,
				-0.9961948,
				9.961946
			],
			[
				-1,
				-0.000003784895,
				-0.0000005960464,
				0.000002603333
			],
			[
				0,
				0,
				0,
				1
			]
		]
		},
		{
			"file_path": "./train/i_46",
			"rotation": 0.012566370614359171,
			"transform_matrix": [
			[
				-0.1736522,
				0.9810597,
				0.08583117,
				-0.8583167
			],
			[
				0.0000002086163,
				0.08715528,
				-0.9961948,
				9.961946
			],
			[
				-0.9848071,
				-0.1729913,
				-0.01513505,
				0.151347
			],
			[
				0,
				0,
				0,
				1
			]
		]
		},
		{
			"file_path": "./train/i_47",
			"rotation": 0.012566370614359171,
			"transform_matrix": [
			[
				-0.3420241,
				0.9361155,
				0.08189902,
				-0.8189958
			],
			[
				0.0000002086163,
				0.08715516,
				-0.9961948,
				9.961946
			],
			[
				-0.9396913,
				-0.3407226,
				-0.02980947,
				0.2980928
			],
			[
				0,
				0,
				0,
				1
			]
		]
		},
		{
			"file_path": "./train/i_48",
			"rotation": 0.012566370614359171,
			"transform_matrix": [
			[
				-0.5000037,
				0.8627279,
				0.07547837,
				-0.7547901
			],
			[
				0.0000001788139,
				0.08715522,
				-0.9961948,
				9.961946
			],
			[
				-0.8660234,
				-0.498101,
				-0.04357815,
				0.4357813
			],
			[
				0,
				0,
				0,
				1
			]
		]
		},
		{
			"file_path": "./train/i_49",
			"rotation": 0.012566370614359171,
			"transform_matrix": [
			[
				-0.642791,
				0.7631268,
				0.06676444,
				-0.6676505
			],
			[
				0.0000002384186,
				0.08715522,
				-0.9961948,
				9.961946
			],
			[
				-0.7660418,
				-0.640345,
				-0.05602288,
				0.5602287
			],
			[
				0,
				0,
				0,
				1
			]
		]
		},
		{
			"file_path": "./train/i_50",
			"rotation": 0.012566370614359171,
			"transform_matrix": [
			[
				-0.7660475,
				0.6403384,
				0.05602187,
				-0.5602247
			],
			[
				0.0000002086163,
				0.0871551,
				-0.9961948,
				9.961946
			],
			[
				-0.6427843,
				-0.7631323,
				-0.06676531,
				0.6676539
			],
			[
				0,
				0,
				0,
				1
			]
		]
		},
		{
			"file_path": "./train/i_51",
			"rotation": 0.012566370614359171,
			"transform_matrix": [
			[
				-0.8660278,
				0.4980936,
				0.04357709,
				-0.4357768
			],
			[
				0.0000002235174,
				0.08715516,
				-0.9961948,
				9.961946
			],
			[
				-0.4999962,
				-0.8627322,
				-0.07547903,
				0.7547927
			],
			[
				0,
				0,
				0,
				1
			]
		]
		},
		{
			"file_path": "./train/i_52",
			"rotation": 0.012566370614359171,
			"transform_matrix": [
			[
				-0.9396942,
				0.3407145,
				0.0298083,
				-0.298088
			],
			[
				0.0000002086163,
				0.08715528,
				-0.9961948,
				9.961946
			],
			[
				-0.3420159,
				-0.9361184,
				-0.0818994,
				0.8189976
			],
			[
				0,
				0,
				0,
				1
			]
		]
		},
		{
			"file_path": "./train/i_53",
			"rotation": 0.012566370614359171,
			"transform_matrix": [
			[
				-0.9848084,
				0.1729829,
				0.01513374,
				-0.1513419
			],
			[
				0.0000002086163,
				0.08715522,
				-0.9961947,
				9.961946
			],
			[
				-0.1736436,
				-0.9810611,
				-0.08583117,
				0.8583176
			],
			[
				0,
				0,
				0,
				1
			]
		]
		},
		{
			"file_path": "./train/i_54",
			"rotation": 0.012566370614359171,
			"transform_matrix": [
			[
				-0.9999998,
				-0.000004639904,
				-0.0000006191779,
				0.000002603333
			],
			[
				0.0000002124302,
				0.08715522,
				-0.9961947,
				9.961946
			],
			[
				0.000004676212,
				-0.9961947,
				-0.08715498,
				0.871558
			],
			[
				0,
				0,
				0,
				1
			]
		]
		},
		{
			"file_path": "./train/i_55",
			"rotation": 0.012566370614359171,
			"transform_matrix": [
			[
				-0.984807,
				-0.1729921,
				-0.01513495,
				0.151347
			],
			[
				0.000000230968,
				0.08715498,
				-0.9961948,
				9.961946
			],
			[
				0.1736529,
				-0.9810595,
				-0.08583081,
				0.8583167
			],
			[
				0,
				0,
				0,
				1
			]
		]
		},
		{
			"file_path": "./train/i_56",
			"rotation": 0.012566370614359171,
			"transform_matrix": [
			[
				-0.9396908,
				-0.3407232,
				-0.02980937,
				0.2980928
			],
			[
				0.0000002384186,
				0.08715498,
				-0.9961947,
				9.961946
			],
			[
				0.3420247,
				-0.9361151,
				-0.08189857,
				0.8189958
			],
			[
				0,
				0,
				0,
				1
			]
		]
		},
		{
			"file_path": "./train/i_57",
			"rotation": 0.012566370614359171,
			"transform_matrix": [
			[
				-0.8660229,
				-0.4981017,
				-0.04357804,
				0.4357813
			],
			[
				0.0000002682209,
				0.08715487,
				-0.9961948,
				9.961946
			],
			[
				0.5000044,
				-0.8627275,
				-0.07547796,
				0.7547901
			],
			[
				0,
				0,
				0,
				1
			]
		]
		},
		{
			"file_path": "./train/i_58",
			"rotation": 0.012566370614359171,
			"transform_matrix": [
			[
				-0.766041,
				-0.6403455,
				-0.05602258,
				0.5602287
			],
			[
				0.0000002384186,
				0.08715487,
				-0.9961947,
				9.961946
			],
			[
				0.6427915,
				-0.7631261,
				-0.066764,
				0.6676505
			],
			[
				0,
				0,
				0,
				1
			]
		]
		},
		{
			"file_path": "./train/i_59",
			"rotation": 0.012566370614359171,
			"transform_matrix": [
			[
				-0.6427836,
				-0.7631328,
				-0.06676498,
				0.6676539
			],
			[
				0.0000002086163,
				0.08715492,
				-0.9961948,
				9.961946
			],
			[
				0.7660478,
				-0.6403377,
				-0.05602169,
				0.5602247
			],
			[
				0,
				0,
				0,
				1
			]
		]
		},
		{
			"file_path": "./train/i_60",
			"rotation": 0.012566370614359171,
			"transform_matrix": [
			[
				-0.4999954,
				-0.8627326,
				-0.07547864,
				0.7547927
			],
			[
				0.0000002384186,
				0.08715487,
				-0.9961948,
				9.961946
			],
			[
				0.8660281,
				-0.4980928,
				-0.04357684,
				0.4357768
			],
			[
				0,
				0,
				0,
				1
			]
		]
		},
		{
			"file_path": "./train/i_61",
			"rotation": 0.012566370614359171,
			"transform_matrix": [
			[
				-0.3420151,
				-0.9361187,
				-0.08189905,
				0.8189976
			],
			[
				0.0000001490116,
				0.08715487,
				-0.9961948,
				9.961946
			],
			[
				0.9396945,
				-0.3407136,
				-0.02980816,
				0.298088
			],
			[
				0,
				0,
				0,
				1
			]
		]
		},
		{
			"file_path": "./train/i_62",
			"rotation": 0.012566370614359171,
			"transform_matrix": [
			[
				-0.1736429,
				-0.9810613,
				-0.0858309,
				0.8583176
			],
			[
				0.0000001490116,
				0.08715487,
				-0.9961948,
				9.961946
			],
			[
				0.9848087,
				-0.172982,
				-0.01513374,
				0.1513419
			],
			[
				0,
				0,
				0,
				1
			]
		]
		},
		{
			"file_path": "./train/i_63",
			"rotation": 0.012566370614359171,
			"transform_matrix": [
			[
				0.000005483627,
				-0.9961948,
				-0.08715492,
				0.871558
			],
			[
				0.0000001490116,
				0.08715487,
				-0.9961948,
				9.961946
			],
			[
				1,
				0.000005543232,
				0.0000005960464,
				-0.000002603333
			],
			[
				0,
				0,
				0,
				1
			]
		]
		},
		{
			"file_path": "./train/i_64",
			"rotation": 0.012566370614359171,
			"transform_matrix": [
			[
				0.1736537,
				-0.9810594,
				-0.08583075,
				0.8583167
			],
			[
				0.0000002384186,
				0.08715487,
				-0.9961948,
				9.961946
			],
			[
				0.9848068,
				0.1729929,
				0.01513493,
				-0.151347
			],
			[
				0,
				0,
				0,
				1
			]
		]
		},
		{
			"file_path": "./train/i_65",
			"rotation": 0.012566370614359171,
			"transform_matrix": [
			[
				0.3420255,
				-0.936115,
				-0.08189857,
				0.8189958
			],
			[
				0.0000002682209,
				0.08715487,
				-0.9961948,
				9.961946
			],
			[
				0.9396907,
				0.3407241,
				0.02980936,
				-0.2980928
			],
			[
				0,
				0,
				0,
				1
			]
		]
		},
		{
			"file_path": "./train/i_66",
			"rotation": 0.012566370614359171,
			"transform_matrix": [
			[
				0.5000051,
				-0.8627272,
				-0.07547796,
				0.7547901
			],
			[
				0.0000003278255,
				0.08715492,
				-0.9961948,
				9.961946
			],
			[
				0.8660225,
				0.4981024,
				0.04357815,
				-0.4357813
			],
			[
				0,
				0,
				0,
				1
			]
		]
		},
		{
			"file_path": "./train/i_67",
			"rotation": 0.012566370614359171,
			"transform_matrix": [
			[
				0.6427921,
				-0.7631257,
				-0.06676403,
				0.6676505
			],
			[
				0.0000003278255,
				0.08715498,
				-0.9961948,
				9.961946
			],
			[
				0.7660407,
				0.6403461,
				0.05602276,
				-0.5602287
			],
			[
				0,
				0,
				0,
				1
			]
		]
		},
		{
			"file_path": "./train/i_68",
			"rotation": 0.012566370614359171,
			"transform_matrix": [
			[
				0.7660483,
				-0.6403371,
				-0.05602142,
				0.5602247
			],
			[
				0.0000003576279,
				0.08715492,
				-0.9961947,
				9.961946
			],
			[
				0.642783,
				0.7631333,
				0.06676513,
				-0.6676539
			],
			[
				0,
				0,
				0,
				1
			]
		]
		},
		{
			"file_path": "./train/i_69",
			"rotation": 0.012566370614359171,
			"transform_matrix": [
			[
				0.8660284,
				-0.4980922,
				-0.04357672,
				0.4357768
			],
			[
				0.0000002980232,
				0.08715487,
				-0.9961948,
				9.961946
			],
			[
				0.4999948,
				0.8627329,
				0.07547879,
				-0.7547927
			],
			[
				0,
				0,
				0,
				1
			]
		]
		},
		{
			"file_path": "./train/i_70",
			"rotation": 0.012566370614359171,
			"transform_matrix": [
			[
				0.9396947,
				-0.340713,
				-0.02980793,
				0.298088
			],
			[
				0.0000003129244,
				0.08715487,
				-0.9961948,
				9.961946
			],
			[
				0.3420144,
				0.9361189,
				0.08189911,
				-0.8189976
			],
			[
				0,
				0,
				0,
				1
			]
		]
		},
		{
			"file_path": "./train/i_71",
			"rotation": 0.012566370614359171,
			"transform_matrix": [
			[
				0.9848088,
				-0.1729814,
				-0.01513345,
				0.1513419
			],
			[
				0.0000002980232,
				0.08715487,
				-0.9961947,
				9.961946
			],
			[
				0.1736421,
				0.9810613,
				0.08583093,
				-0.8583176
			],
			[
				0,
				0,
				0,
				1
			]
		]
		},
		{
			"file_path": "./train/i_72",
			"rotation": 0.012566370614359171,
			"transform_matrix": [
			[
				1,
				0.000006104192,
				0.000001382835,
				-0.000007976108
			],
			[
				0.000000301852,
				0.173647,
				-0.9848079,
				9.848076
			],
			[
				-0.000006251582,
				0.9848079,
				0.173647,
				-1.736482
			],
			[
				0,
				0,
				0,
				1
			]
		]
		},
		{
			"file_path": "./train/i_73",
			"rotation": 0.012566370614359171,
			"transform_matrix": [
			[
				0.9848067,
				0.1710162,
				0.03015488,
				-0.3015448
			],
			[
				0.0000003054738,
				0.173647,
				-0.984808,
				9.848076
			],
			[
				-0.1736544,
				0.9698454,
				0.1710087,
				-1.7101
			],
			[
				0,
				0,
				0,
				1
			]
		]
		},
		{
			"file_path": "./train/i_74",
			"rotation": 0.012566370614359171,
			"transform_matrix": [
			[
				0.9396904,
				0.33683,
				0.05939214,
				-0.5939194
			],
			[
				0.0000002980232,
				0.1736471,
				-0.984808,
				9.848076
			],
			[
				-0.3420262,
				0.9254147,
				0.1631744,
				-1.631757
			],
			[
				0,
				0,
				0,
				1
			]
		]
		},
		{
			"file_path": "./train/i_75",
			"rotation": 0.012566370614359171,
			"transform_matrix": [
			[
				0.8660221,
				0.4924095,
				0.0868248,
				-0.868248
			],
			[
				0.0000002831221,
				0.1736472,
				-0.9848079,
				9.848076
			],
			[
				-0.5000056,
				0.8528655,
				0.1503822,
				-1.503834
			],
			[
				0,
				0,
				0,
				1
			]
		]
		},
		{
			"file_path": "./train/i_76",
			"rotation": 0.012566370614359171,
			"transform_matrix": [
			[
				0.7660401,
				0.6330273,
				0.1116194,
				-1.116195
			],
			[
				0.0000003278255,
				0.1736472,
				-0.9848079,
				9.848076
			],
			[
				-0.6427928,
				0.7544025,
				0.1330205,
				-1.330217
			],
			[
				0,
				0,
				0,
				1
			]
		]
		},
		{
			"file_path": "./train/i_77",
			"rotation": 0.012566370614359171,
			"transform{
	"camera_angle_x": 1.0471975511966,
	"frames": [
		{
			"file_path": "./train/i_0",
			"rotation": 0.012566370614359171,
			"transform_matrix": [
			[
				1,
				0,
				0,
				0
			],
			[
				0,
				-0.0000001192093,
				-1,
				9.999999
			],
			[
				0,
				1,
				-0.0000001192093,
				-0.0000005960464
			],
			[
				0,
				0,
				0,
				1
			]
		]
		},
{
	"camera_angle_x": 1.0471975511966,
	"frames": [
		{
			"file_path": "./train/i_1",
			"rotation": 0.012566370614359171,
			"transform_matrix": [
			[
				0.9848077,
				0.1736483,
				0,
				-0.0000001035024
			],
			[
				0,
				0,
				-1,
				9.999999
			],
			[
				-0.1736483,
				0.9848078,
				0,
				-0.0000005869912
			],
			[
				0,
				0,
				0,
				1
			]
		]
		},
{
	"camera_angle_x": 1.0471975511966,
	"frames": [
		{
			"file_path": "./train/i_2",
			"rotation": 0.012566370614359171,
			"transform_matrix": [
			[
				0.9396926,
				0.3420203,
				0,
				-0.0000002038599
			],
			[
				0,
				0.00000005960464,
				-0.9999999,
				9.999999
			],
			[
				-0.3420203,
				0.9396926,
				0.00000005960464,
				-0.0000005601005
			],
			[
				0,
				0,
				0,
				1
			]
		]
		},
{
	"camera_angle_x": 1.0471975511966,
	"frames": [
		{
			"file_path": "./train/i_3",
			"rotation": 0.012566370614359171,
			"transform_matrix": [
			[
				0.8660253,
				0.5000002,
				0,
				-0.0000002980232
			],
			[
				0,
				0.00000005960464,
				-0.9999999,
				9.999999
			],
			[
				-0.5000002,
				0.8660253,
				0.00000005960464,
				-0.0000005161914
			],
			[
				0,
				0,
				0,
				1
			]
		]
		},
{
	"camera_angle_x": 1.0471975511966,
	"frames": [
		{
			"file_path": "./train/i_4",
			"rotation": 0.012566370614359171,
			"transform_matrix": [
			[
				0.7660442,
				0.6427879,
				0,
				-0.0000003831313
			],
			[
				0,
				0,
				-1,
				9.999999
			],
			[
				-0.6427879,
				0.7660443,
				0,
				-0.0000004565981
			],
			[
				0,
				0,
				0,
				1
			]
		]
		},
{
	"camera_angle_x": 1.0471975511966,
	"frames": [
		{
			"file_path": "./train/i_5",
			"rotation": 0.012566370614359171,
			"transform_matrix": [
			[
				0.6427873,
				0.7660447,
				0,
				-0.0000004565981
			],
			[
				0,
				0,
				-1,
				9.999999
			],
			[
				-0.7660447,
				0.6427873,
				0,
				-0.0000003831313
			],
			[
				0,
				0,
				0,
				1
			]
		]
		},
{
	"camera_angle_x": 1.0471975511966,
	"frames": [
		{
			"file_path": "./train/i_6",
			"rotation": 0.012566370614359171,
			"transform_matrix": [
			[
				0.4999996,
				0.8660256,
				0,
				-0.0000005161913
			],
			[
				0,
				0,
				-1,
				9.999999
			],
			[
				-0.8660256,
				0.4999996,
				0,
				-0.0000002980233
			],
			[
				0,
				0,
				0,
				1
			]
		]
		},
{
	"camera_angle_x": 1.0471975511966,
	"frames": [
		{
			"file_path": "./train/i_7",
			"rotation": 0.012566370614359171,
			"transform_matrix": [
			[
				0.3420196,
				0.9396929,
				0,
				-0.0000005601004
			],
			[
				0,
				0,
				-1,
				9.999999
			],
			[
				-0.9396929,
				0.3420196,
				0,
				-0.0000002038599
			],
			[
				0,
				0,
				0,
				1
			]
		]
		},
{
	"camera_angle_x": 1.0471975511966,
	"frames": [
		{
			"file_path": "./train/i_8",
			"rotation": 0.012566370614359171,
			"transform_matrix": [
			[
				0.1736475,
				0.9848079,
				0,
				-0.0000005869912
			],
			[
				0,
				0,
				-1,
				9.999999
			],
			[
				-0.9848079,
				0.1736476,
				0,
				-0.0000001035024
			],
			[
				0,
				0,
				0,
				1
			]
		]
		},
{
	"camera_angle_x": 1.0471975511966,
	"frames": [
		{
			"file_path": "./train/i_9",
			"rotation": 0.012566370614359171,
			"transform_matrix": [
			[
				-0.0000007152557,
				1,
				0,
				-0.0000005960464
			],
			[
				0,
				0,
				-1,
				9.999999
			],
			[
				-1,
				-0.0000007152557,
				0,
				-0.0000000000000324
			],
			[
				0,
				0,
				0,
				1
			]
		]
		},
{
	"camera_angle_x": 1.0471975511966,
	"frames": [
		{
			"file_path": "./train/i_10",
			"rotation": 0.012566370614359171,
			"transform_matrix": [
			[
				-0.173649,
				0.9848076,
				0,
				-0.0000005869912
			],
			[
				0,
				0,
				-1,
				9.999999
			],
			[
				-0.9848076,
				-0.173649,
				0,
				0.0000001035024
			],
			[
				0,
				0,
				0,
				1
			]
		]
		},
{
	"camera_angle_x": 1.0471975511966,
	"frames": [
		{
			"file_path": "./train/i_11",
			"rotation": 0.012566370614359171,
			"transform_matrix": [
			[
				-0.3420208,
				0.9396923,
				0,
				-0.0000005601005
			],
			[
				0,
				0.00000005960464,
				-0.9999999,
				9.999999
			],
			[
				-0.9396923,
				-0.3420208,
				0.00000005960464,
				0.0000002038599
			],
			[
				0,
				0,
				0,
				1
			]
		]
		},
{
	"camera_angle_x": 1.0471975511966,
	"frames": [
		{
			"file_path": "./train/i_12",
			"rotation": 0.012566370614359171,
			"transform_matrix": [
			[
				-0.5000007,
				0.8660249,
				0,
				-0.0000005161914
			],
			[
				0,
				0,
				-1,
				9.999999
			],
			[
				-0.8660249,
				-0.5000007,
				0,
				0.0000002980232
			],
			[
				0,
				0,
				0,
				1
			]
		]
		},
{
	"camera_angle_x": 1.0471975511966,
	"frames": [
		{
			"file_path": "./train/i_13",
			"rotation": 0.012566370614359171,
			"transform_matrix": [
			[
				-0.6427883,
				0.7660438,
				0,
				-0.0000004565981
			],
			[
				0,
				0,
				-1,
				9.999999
			],
			[
				-0.7660438,
				-0.6427883,
				0,
				0.0000003831312
			],
			[
				0,
				0,
				0,
				1
			]
		]
		},
{
	"camera_angle_x": 1.0471975511966,
	"frames": [
		{
			"file_path": "./train/i_14",
			"rotation": 0.012566370614359171,
			"transform_matrix": [
			[
				-0.7660452,
				0.6427869,
				0,
				-0.0000003831313
			],
			[
				0,
				-0.0000001192093,
				-1,
				9.999999
			],
			[
				-0.6427869,
				-0.7660452,
				-0.0000001192093,
				0.000000456598
			],
			[
				0,
				0,
				0,
				1
			]
		]
		},
{
	"camera_angle_x": 1.0471975511966,
	"frames": [
		{
			"file_path": "./train/i_15",
			"rotation": 0.012566370614359171,
			"transform_matrix": [
			[
				-0.8660258,
				0.4999991,
				0,
				-0.0000002980233
			],
			[
				0,
				0.00000005960464,
				-0.9999999,
				9.999999
			],
			[
				-0.4999991,
				-0.8660259,
				0.00000005960464,
				0.0000005161913
			],
			[
				0,
				0,
				0,
				1
			]
		]
		},
{
	"camera_angle_x": 1.0471975511966,
	"frames": [
		{
			"file_path": "./train/i_16",
			"rotation": 0.012566370614359171,
			"transform_matrix": [
			[
				-0.9396929,
				0.3420191,
				0,
				-0.0000002038599
			],
			[
				0,
				0.00000005960464,
				-0.9999999,
				9.999999
			],
			[
				-0.3420191,
				-0.9396929,
				0.00000005960464,
				0.0000005601004
			],
			[
				0,
				0,
				0,
				1
			]
		]
		},
{
	"camera_angle_x": 1.0471975511966,
	"frames": [
		{
			"file_path": "./train/i_17",
			"rotation": 0.012566370614359171,
			"transform_matrix": [
			[
				-0.9848078,
				0.173647,
				0,
				-0.0000001035024
			],
			[
				0,
				0.00000005960464,
				-0.9999999,
				9.999999
			],
			[
				-0.173647,
				-0.9848079,
				0.00000005960464,
				0.0000005869912
			],
			[
				0,
				0,
				0,
				1
			]
		]
		},
{
	"camera_angle_x": 1.0471975511966,
	"frames": [
		{
			"file_path": "./train/i_18",
			"rotation": 0.012566370614359171,
			"transform_matrix": [
			[
				-0.9999999,
				-0.000001274942,
				0,
				-0.0000000000000324
			],
			[
				0,
				0.00000005960464,
				-0.9999999,
				9.999999
			],
			[
				0.000001274942,
				-0.9999999,
				0.00000005960464,
				0.0000005960464
			],
			[
				0,
				0,
				0,
				1
			]
		]
		},
{
	"camera_angle_x": 1.0471975511966,
	"frames": [
		{
			"file_path": "./train/i_19",
			"rotation": 0.012566370614359171,
			"transform_matrix": [
			[
				-0.9848075,
				-0.1736495,
				0,
				0.0000001035024
			],
			[
				0,
				0,
				-1,
				9.999999
			],
			[
				0.1736495,
				-0.9848075,
				0,
				0.0000005869912
			],
			[
				0,
				0,
				0,
				1
			]
		]
		},
{
	"camera_angle_x": 1.0471975511966,
	"frames": [
		{
			"file_path": "./train/i_20",
			"rotation": 0.012566370614359171,
			"transform_matrix": [
			[
				-0.9396921,
				-0.3420215,
				0,
				0.0000002038599
			],
			[
				0,
				0,
				-1,
				9.999999
			],
			[
				0.3420215,
				-0.9396921,
				0,
				0.0000005601005
			],
			[
				0,
				0,
				0,
				1
			]
		]
		},
{
	"camera_angle_x": 1.0471975511966,
	"frames": [
		{
			"file_path": "./train/i_21",
			"rotation": 0.012566370614359171,
			"transform_matrix": [
			[
				-0.8660245,
				-0.5000013,
				0,
				0.0000002980232
			],
			[
				0,
				0.00000005960464,
				-0.9999999,
				9.999999
			],
			[
				0.5000013,
				-0.8660246,
				0.00000005960464,
				0.0000005161914
			],
			[
				0,
				0,
				0,
				1
			]
		]
		},
{
	"camera_angle_x": 1.0471975511966,
	"frames": [
		{
			"file_path": "./train/i_22",
			"rotation": 0.012566370614359171,
			"transform_matrix": [
			[
				-0.7660433,
				-0.6427888,
				0,
				0.0000003831312
			],
			[
				0,
				0.00000005960464,
				-0.9999999,
				9.999999
			],
			[
				0.6427888,
				-0.7660434,
				0.00000005960464,
				0.0000004565981
			],
			[
				0,
				0,
				0,
				1
			]
		]
		},
{
	"camera_angle_x": 1.0471975511966,
	"frames": [
		{
			"file_path": "./train/i_23",
			"rotation": 0.012566370614359171,
			"transform_matrix": [
			[
				-0.6427864,
				-0.7660457,
				0,
				0.000000456598
			],
			[
				0,
				-0.0000001192093,
				-1,
				9.999999
			],
			[
				0.7660457,
				-0.6427863,
				-0.0000001192093,
				0.0000003831313
			],
			[
				0,
				0,
				0,
				1
			]
		]
		},
{
	"camera_angle_x": 1.0471975511966,
	"frames": [
		{
			"file_path": "./train/i_24",
			"rotation": 0.012566370614359171,
			"transform_matrix": [
			[
				-0.4999983,
				-0.8660264,
				0,
				0.0000005161913
			],
			[
				0,
				0,
				-1,
				9.999999
			],
			[
				0.8660264,
				-0.4999983,
				0,
				0.0000002980233
			],
			[
				0,
				0,
				0,
				1
			]
		]
		},
{
	"camera_angle_x": 1.0471975511966,
	"frames": [
		{
			"file_path": "./train/i_25",
			"rotation": 0.012566370614359171,
			"transform_matrix": [
			[
				-0.3420182,
				-0.9396933,
				0,
				0.0000005601004
			],
			[
				0,
				0,
				-1,
				9.999999
			],
			[
				0.9396933,
				-0.3420182,
				0,
				0.0000002038599
			],
			[
				0,
				0,
				0,
				1
			]
		]
		},
{
	"camera_angle_x": 1.0471975511966,
	"frames": [
		{
			"file_path": "./train/i_26",
			"rotation": 0.012566370614359171,
			"transform_matrix": [
			[
				-0.1736463,
				-0.9848081,
				0,
				0.0000005869912
			],
			[
				0,
				0,
				-1,
				9.999999
			],
			[
				0.9848081,
				-0.1736463,
				0,
				0.0000001035024
			],
			[
				0,
				0,
				0,
				1
			]
		]
		},
{
